NodeID:21	7.967308124695355,7.741161085695733
NodeID:31	2.166334542760353,2.172242459515882,29,36,46,49,54,62,70,85
NodeID:72	1.955019635444853,1.960363013170733,10,49,51,92,93,95
NodeID:63	1.747211888324057,1.751864745465578,3,64,65,72
NodeID:9	1.690432368284032,1.695033108715889,33,39,41,43,51,69,80
NodeID:78	1.653865280815654,1.658347115760310,13,19,34,82
NodeID:92	1.633752592704557,1.638024270261033,22,34,39,57
NodeID:71	1.531009431681107,1.535165220618217,15,16,45,84,97
NodeID:45	1.460029795897941,1.463894770138632,18,53,58,83,86,90
NodeID:95	1.406186764467088,1.410005152072010,76,88
NodeID:27	1.349000242943981,1.352559302977949,32,68,70,92
NodeID:86	1.347565460150368,1.351116688246470,11,60,71,95
NodeID:37	1.331947094408620,1.335478998290439,40,59,71,97
NodeID:83	1.287352650873849,1.290701218581094,1,4,10,18,27,29,70
NodeID:88	1.284265740216885,1.287788998689488,21,26,44,50,55,82
NodeID:1	1.243457122426110,1.246729731675255,37,72
NodeID:15	1.226742407269465,1.229972461117339,47,70,79,95,97
NodeID:70	1.220641973198611,1.223844188194758,20,63,99
NodeID:80	1.198499847605495,1.201573804695135,31,79
NodeID:99	1.194818179836525,1.197774933888553,1,83
NodeID:38	1.176317171688389,1.179238284823951,30,41,98
NodeID:39	1.167242944697190,1.170274914776861,31,43,68,71,92
NodeID:20	1.164294238195844,1.167318811889729,7,94
NodeID:49	1.157899393562146,1.160994447333709,2,29,31,39,84
NodeID:98	1.137198352332260,1.139885387290170,5,13,15,28,49,66,92,94
NodeID:97	1.084344922237786,1.087279683816245,37,50,62,89
NodeID:84	1.074658373026115,1.077361881657283,9,21
NodeID:94	1.068880918416978,1.071596135354256,4,17,20,90
NodeID:22	1.058976110880718,1.061660171800141,25,65,72,83,97
NodeID:18	1.053239227844633,1.055764344835489,52,61,62,87
NodeID:24	1.030678921785118,1.033063926536871,9,10,18,38,55,93,94
NodeID:62	1.030032598972300,1.032628286870530,11,22,33,91
NodeID:2	1.027366758068083,1.029910410819958,31,63
NodeID:66	1.023144482021122,1.025584614617111,8,19,72,81,83,98
NodeID:64	1.022537401213542,1.025101964615222,3,27,28,31,33,39,78
NodeID:7	1.011810010431536,1.014420325836458,12,21,38,57,93
NodeID:12	1.008492533156565,1.010809123858624,24,28,50,55,67,85,98
NodeID:33	1.008413643725184,1.011016039118784,2,56,58,86
NodeID:65	1.000878126706042,1.003345491115413,27,88
NodeID:79	0.996437084672839,0.998820560456186,0,26,43,74,90
NodeID:32	0.989319665338456,0.991712039148522,2,3,6,27,47,69,71,91
NodeID:34	0.980111976637036,0.982640928351343,0,7,77,78
NodeID:93	0.968056001785362,0.970574393015734,15,43,66,75
NodeID:41	0.957769918311417,0.960028666908266,44,45,49,66
NodeID:51	0.936786791579431,0.939184034458918,38,45,61,71
NodeID:43	0.930818738220963,0.933187188316387,4,21,24,56,67,68,80,86,90
NodeID:90	0.928470653027396,0.930871831594117,1,26,52,93,96
NodeID:13	0.917748703720152,0.919920996262847,25,32,33,35,76
NodeID:76	0.905638758995288,0.908011868772047,9
NodeID:68	0.902986479017810,0.905194403896422,1,6,19,28,40,81,85
NodeID:10	0.901874207699885,0.904133923440094,4,6,38,67,78,80
NodeID:19	0.893643845275537,0.895832043253898,27,33,37,45,92
NodeID:69	0.892162085564346,0.894284727100720,12,22,42,46,55,72,88
NodeID:28	0.888061529656503,0.890206100061186,21,25,72
NodeID:30	0.879249840124453,0.881342776403588,80,84,95
NodeID:58	0.876289687008107,0.878392842318576,16,38,71,73,78
NodeID:29	0.874884374416734,0.877102564999503,18,23,31,36,86
NodeID:52	0.852366324155168,0.854361677349679,27,31,64,91
NodeID:26	0.844546523275501,0.846588492215248,15,23,28,64
NodeID:50	0.837943260134400,0.839936687339841,0,20,46,68
NodeID:46	0.827783285939778,0.829781979549920,78
NodeID:57	0.827162114441241,0.829242937272935,86,94,96,98
NodeID:25	0.822970297338314,0.824909788118295,63
NodeID:96	0.821408556606812,0.823303926157724,12,13,24,31,60,74
NodeID:36	0.778320564377215,0.780121090213033,12,20,30,34,61,75,77,99
NodeID:91	0.756476653610705,0.758186605275879,12,24,66,81,95
NodeID:3	0.752117329702815,0.753958372301069,30,42,45,86
NodeID:4	0.750662168593426,0.752490643267148,24,42,46,86
NodeID:0	0.748860376421374,0.750635744511893,1,15,66,96
NodeID:61	0.741325634573677,0.742875089360015,6,9,18,20,99
NodeID:40	0.736576263209408,0.738297967547013,7,71,72,73
NodeID:67	0.703380485036281,0.704945485529833,2,26,30,31,32,45
NodeID:85	0.701966661632773,0.703603278720958,32,54,57,64,69,90,99
NodeID:6	0.699574686136961,0.701149593150243,15,22,58,80
NodeID:55	0.689213076367457,0.690747128923794,10,19,22,25,51,58,62
NodeID:54	0.689034758961737,0.690558912408511,12,69,77
NodeID:82	0.684835536913410,0.686494076796790,2,23,24,32,52,53
NodeID:11	0.656545807212363,0.658118706015936,6,28,40,49,51,67,89
NodeID:77	0.637357421625540,0.638730342968002,0,5,32,37,40,41,44,69,79,83,85,86,87
NodeID:44	0.634787858036425,0.636142056002501,17,37,38
NodeID:16	0.631497831330282,0.632964602917642,45,52,67,80
NodeID:53	0.608395391747072,0.609738510280359,2,13,65,78,95
NodeID:81	0.593110578103084,0.594315986088564,5,21,26,78,93,96
NodeID:89	0.585050499761340,0.586294969902585,16,32,35,38,40,57,58
NodeID:42	0.578712132670477,0.579936192049719,36,45,70,89,99
NodeID:23	0.576260818191868,0.577527624410187,92,99
NodeID:17	0.557954427963488,0.559150696263648,18,39,41,53,63,72,79,99
NodeID:60	0.553747019124719,0.554983589920829,14,49,53,56,65
NodeID:56	0.547322464162497,0.548478592121512,29,36,80,96,98
NodeID:73	0.544224985138314,0.545336508667670,41,50,51,84,92
NodeID:47	0.516625751574641,0.517705199061271,5,14,52,70,73
NodeID:59	0.507736136738219,0.508744447889782,10,24,69,92
NodeID:35	0.501469766348813,0.502368854418949,12,18,62,64,65,66,83,91
NodeID:87	0.490059910688488,0.490927332001539,8,19,20,27,30,47,54,63
NodeID:5	0.485080608745323,0.485974902316903,2,9,24,50,61,81,98
NodeID:75	0.439134924350979,0.439954741386979,29,34,37,51,54,65,85,91
NodeID:74	0.436434218149895,0.437259657716827,35,54,84
NodeID:8	0.347452182762587,0.347985174595297,13,41,59,87
NodeID:14	0.332357094126957,0.332834433497808,36,39,44,62,98
NodeID:48	0.150000000000000,0.150000000000000,18,39,61,79,89
