NodeID:21	3.365951388888889,2.256111111111111
NodeID:31	2.390571650604687,2.127261904761905,29,36,46,49,54,62,70,85
NodeID:72	2.045380878793825,1.822678571428571,10,49,51,92,93,95
NodeID:63	1.874668097527473,1.920833333333333,3,64,65,72
NodeID:92	1.734908482142858,1.757916666666667,22,34,39,57
NodeID:9	1.712666657945229,1.837857142857143,33,39,41,43,51,69,80
NodeID:78	1.629478727324264,1.957261904761905,13,19,34,82
NodeID:71	1.619496722374846,1.446250000000000,15,16,45,84,97
NodeID:83	1.502288766788767,1.199967948717949,1,4,10,18,27,29,70
NodeID:95	1.493768139499390,1.297500000000000,76,88
NodeID:45	1.467594941748067,1.651666666666667,18,53,58,83,86,90
NodeID:27	1.437179135596546,1.412857142857143,32,68,70,92
NodeID:1	1.372367719780220,1.200357142857143,37,72
NodeID:37	1.299133480235042,1.412467948717949,40,59,71,97
NodeID:86	1.295117288614164,1.471495726495727,11,60,71,95
NodeID:88	1.291316261119833,1.121428571428571,21,26,44,50,55,82
NodeID:98	1.287218287763824,1.370357142857143,5,13,15,28,49,66,92,94
NodeID:99	1.281529877191261,1.532261904761904,1,83
NodeID:38	1.279657904347637,1.370357142857143,30,41,98
NodeID:15	1.270533516483516,1.276250000000000,47,70,79,95,97
NodeID:80	1.266146492346938,1.385873015873015,31,79
NodeID:70	1.247844471153846,1.100178571428571,20,63,99
NodeID:39	1.218793324829933,1.221607142857143,31,43,68,71,92
NodeID:20	1.205183052884615,1.240833333333333,7,94
NodeID:12	1.174363260127769,1.248928571428571,24,28,50,55,67,85,98
NodeID:18	1.172072560723007,1.257023809523810,52,61,62,87
NodeID:49	1.171005093864469,1.008095238095239,2,29,31,39,84
NodeID:94	1.153545103458051,1.015178571428572,4,17,20,90
NodeID:64	1.135609415881737,1.015178571428572,3,27,28,31,33,39,78
NodeID:22	1.133524169283098,1.030357142857143,25,65,72,83,97
NodeID:66	1.122528044871795,1.170000000000000,8,19,72,81,83,98
NodeID:24	1.104623446493983,1.365634920634921,9,10,18,38,55,93,94
NodeID:84	1.100802579365080,1.226666666666666,9,21
NodeID:79	1.099253002899878,1.086634615384615,0,26,43,74,90
NodeID:34	1.088756696428572,0.787500000000000,0,7,77,78
NodeID:97	1.088135153388278,0.872500000000000,37,50,62,89
NodeID:41	1.083212987310309,1.108896520146520,44,45,49,66
NodeID:62	1.068502699829931,1.078928571428571,11,22,33,91
NodeID:65	1.066485937500000,1.085000000000000,27,88
NodeID:13	1.066399503968254,0.992916666666667,25,32,33,35,76
NodeID:32	1.040329952322809,1.124075091575092,2,3,6,27,47,69,71,91
NodeID:33	1.039564753401360,0.945357142857143,2,56,58,86
NodeID:2	1.029859212199838,1.213511904761905,31,63
NodeID:7	1.013034111721612,1.000000000000000,12,21,38,57,93
NodeID:93	0.995154180839003,0.894761904761905,15,43,66,75
NodeID:69	0.992905778497296,1.060325091575092,12,22,42,46,55,72,88
NodeID:19	0.981292920373277,0.853273809523810,27,33,37,45,92
NodeID:43	0.955706371009942,0.823928571428571,4,21,24,56,67,68,80,86,90
NodeID:30	0.950406234101547,1.000000000000000,80,84,95
NodeID:51	0.950083641581632,0.932202380952382,38,45,61,71
NodeID:90	0.943702131846328,0.890039682539683,1,26,52,93,96
NodeID:58	0.936863768424036,0.959523809523810,16,38,71,73,78
NodeID:28	0.936719210600908,0.954464285714286,21,25,72
NodeID:68	0.930588392857144,0.839444444444444,1,6,19,28,40,81,85
NodeID:10	0.921589149441828,0.868452380952382,4,6,38,67,78,80
NodeID:57	0.875052974555207,0.775357142857143,86,94,96,98
NodeID:76	0.870233333333333,0.745000000000000,9
NodeID:26	0.863919220594221,0.915000000000001,15,23,28,64
NodeID:52	0.860301488095239,1.056666666666667,27,31,64,91
NodeID:46	0.852651330564278,0.802678571428571,78
NodeID:91	0.850057606456044,0.893750000000000,12,24,66,81,95
NodeID:29	0.849493404685593,0.823928571428572,18,23,31,36,86
NodeID:96	0.844664964896216,1.056666666666667,12,13,24,31,60,74
NodeID:25	0.844039455782313,0.894761904761905,63
NodeID:50	0.842256779827316,0.917023809523810,0,20,46,68
NodeID:36	0.824362847222222,0.936250000000000,12,20,30,34,61,75,77,99
NodeID:61	0.817087997939560,0.972678571428571,6,9,18,20,99
NodeID:3	0.800881745486656,0.590178571428572,30,42,45,86
NodeID:40	0.771126556231467,0.792170329670330,7,71,72,73
NodeID:55	0.755105518489447,0.655952380952382,10,19,22,25,51,58,62
NodeID:0	0.746113873626374,0.810384615384615,1,15,66,96
NodeID:6	0.729573057844933,0.810773809523810,15,22,58,80
NodeID:85	0.728589096295570,0.670741758241758,32,54,57,64,69,90,99
NodeID:82	0.724787202380952,0.504166666666667,2,23,24,32,52,53
NodeID:4	0.712282070360196,0.720039682539683,24,42,46,86
NodeID:54	0.706119899321908,0.873511904761905,12,69,77
NodeID:67	0.702251842403629,0.841468253968254,2,26,30,31,32,45
NodeID:11	0.691965163308914,0.575000000000000,6,28,40,49,51,67,89
NodeID:44	0.676984237637363,0.739551282051282,17,37,38
NodeID:77	0.664315352182540,0.752083333333333,0,5,32,37,40,41,44,69,79,83,85,86,87
NodeID:16	0.659030017006803,0.611428571428572,45,52,67,80
NodeID:81	0.646520909645910,0.704523809523810,5,21,26,78,93,96
NodeID:60	0.612387286324787,0.504166666666667,14,49,53,56,65
NodeID:53	0.609737847222223,0.709583333333334,2,13,65,78,95
NodeID:17	0.575264976343101,0.645833333333333,18,39,41,53,63,72,79,99
NodeID:73	0.571980242673993,0.702500000000000,41,50,51,84,92
NodeID:42	0.557175140088087,0.696428571428572,36,45,70,89,99
NodeID:23	0.555928968253968,0.674166666666667,92,99
NodeID:47	0.554436343864468,0.532500000000000,5,14,52,70,73
NodeID:87	0.550849530677656,0.640384615384615,8,19,20,27,30,47,54,63
NodeID:35	0.549649858276644,0.724761904761905,12,18,62,64,65,66,83,91
NodeID:89	0.549120535714285,0.823928571428572,16,32,35,38,40,57,58
NodeID:5	0.535107665598291,0.633301282051282,2,9,24,50,61,81,98
NodeID:59	0.534706730769231,0.575000000000000,10,24,69,92
NodeID:56	0.514412202380952,0.626944444444444,29,36,80,96,98
NodeID:74	0.484422329059829,0.461666666666667,35,54,84
NodeID:75	0.439613467261905,0.468750000000000,29,34,37,51,54,65,85,91
NodeID:8	0.383790865384615,0.397916666666667,13,41,59,87
NodeID:14	0.326233333333333,0.490000000000000,36,39,44,62,98
NodeID:48	0.150000000000000,0.150000000000000,18,39,61,79,89
