NodeID:21	7.147574050419792,6.761001711028864
NodeID:31	2.188253387765800,2.196591545031807,29,36,46,49,54,62,70,85
NodeID:72	1.974253207183976,1.983635944494359,10,49,51,92,93,95
NodeID:63	1.764407570786543,1.771329375293297,3,64,65,72
NodeID:9	1.706243935896842,1.714744958567845,33,39,41,43,51,69,80
NodeID:78	1.669648339785448,1.677955900145288,13,19,34,82
NodeID:92	1.649431557599721,1.657025336220004,22,34,39,57
NodeID:71	1.546436667222628,1.552785786082012,15,16,45,84,97
NodeID:45	1.473963868619887,1.481190501189856,18,53,58,83,86,90
NodeID:95	1.419999113671665,1.427245975528572,76,88
NodeID:27	1.361603135513203,1.368253900069446,32,68,70,92
NodeID:86	1.360806865871882,1.367705505639862,11,60,71,95
NodeID:37	1.344803308106962,1.350072805184150,40,59,71,97
NodeID:83	1.299306022681310,1.306003972650238,1,4,10,18,27,29,70
NodeID:88	1.297187786635497,1.303178676923388,21,26,44,50,55,82
NodeID:1	1.255122924771404,1.260858472604029,37,72
NodeID:15	1.238374669803021,1.243280004312230,47,70,79,95,97
NodeID:70	1.232496366567590,1.238514410894572,20,63,99
NodeID:80	1.209511315188115,1.215282543106249,31,79
NodeID:99	1.205434657707518,1.210074856575262,1,83
NodeID:38	1.187249642568957,1.191871699742860,30,41,98
NodeID:39	1.178054230914857,1.184091888037891,31,43,68,71,92
NodeID:20	1.175425205615384,1.179687534424578,7,94
NodeID:49	1.168811138228604,1.174244960408904,2,29,31,39,84
NodeID:98	1.146991791422323,1.152346304120329,5,13,15,28,49,66,92,94
NodeID:97	1.094712652353453,1.099826575717813,37,50,62,89
NodeID:84	1.084364407424835,1.089047897133064,9,21
NodeID:94	1.078668616613241,1.083959521902190,4,17,20,90
NodeID:22	1.068693412047965,1.073476452263534,25,65,72,83,97
NodeID:18	1.062562977612657,1.066443069957919,52,61,62,87
NodeID:24	1.039282252332739,1.043437206693405,9,10,18,38,55,93,94
NodeID:62	1.039136313106692,1.043741346130517,11,22,33,91
NodeID:2	1.036556573356939,1.040729785895810,31,63
NodeID:66	1.031924562421699,1.036040173855846,8,19,72,81,83,98
NodeID:64	1.031632947983365,1.035507551985264,3,27,28,31,33,39,78
NodeID:7	1.020966847190094,1.026196251423909,12,21,38,57,93
NodeID:33	1.017611990001649,1.021983032129195,2,56,58,86
NodeID:12	1.016849604949590,1.020619206659680,24,28,50,55,67,85,98
NodeID:65	1.009653952754520,1.014001043366445,27,88
NodeID:79	1.005453852787420,1.008514592620906,0,26,43,74,90
NodeID:32	0.998182236913317,1.002369872811291,2,3,6,27,47,69,71,91
NodeID:34	0.989592371310833,0.993946193874679,0,7,77,78
NodeID:93	0.977159802066908,0.981834731271738,15,43,66,75
NodeID:41	0.965951105983822,0.969578557424446,44,45,49,66
NodeID:51	0.945353702986150,0.949594014984693,38,45,61,71
NodeID:43	0.939602012790478,0.943674621187273,4,21,24,56,67,68,80,86,90
NodeID:90	0.937025441005969,0.941404280814612,1,26,52,93,96
NodeID:13	0.925860430319676,0.929028905413241,25,32,33,35,76
NodeID:76	0.914514453519894,0.917410353469868,9
NodeID:68	0.911588748050724,0.915152632540115,1,6,19,28,40,81,85
NodeID:10	0.910076523282581,0.914250183129699,4,6,38,67,78,80
NodeID:19	0.901765629179824,0.905428274143279,27,33,37,45,92
NodeID:69	0.899631913162259,0.903064264983295,12,22,42,46,55,72,88
NodeID:28	0.895796344859274,0.899056031968290,21,25,72
NodeID:30	0.886819465690786,0.890899264107146,80,84,95
NodeID:58	0.883992926971493,0.887862053966824,16,38,71,73,78
NodeID:29	0.882809358779796,0.887014642583344,18,23,31,36,86
NodeID:52	0.859555018722448,0.862757888743247,27,31,64,91
NodeID:26	0.851889175826725,0.855753143201433,15,23,28,64
NodeID:50	0.845232450000103,0.849008696400804,0,20,46,68
NodeID:46	0.835052887815779,0.838445483891400,78
NodeID:57	0.834711185407542,0.838407201344996,86,94,96,98
NodeID:25	0.829894783109721,0.833739147381691,63
NodeID:96	0.828297162260430,0.831710698725021,12,13,24,31,60,74
NodeID:36	0.784806104049074,0.788254645469695,12,20,30,34,61,75,77,99
NodeID:91	0.762555134824274,0.764449931379975,12,24,66,81,95
NodeID:3	0.758649493977092,0.762203925908070,30,42,45,86
NodeID:4	0.757571196360901,0.760437103839365,24,42,46,86
NodeID:0	0.755235481790962,0.758072985887215,1,15,66,96
NodeID:61	0.747117275402391,0.749643241239833,6,9,18,20,99
NodeID:40	0.742753553300146,0.745346253464842,7,71,72,73
NodeID:67	0.709073730708506,0.711786762680572,2,26,30,31,32,45
NodeID:85	0.707762750069241,0.710511657223110,32,54,57,64,69,90,99
NodeID:6	0.705299398078215,0.707700510728057,15,22,58,80
NodeID:55	0.694910204457374,0.697828599288914,10,19,22,25,51,58,62
NodeID:54	0.694221775332184,0.696842703324478,12,69,77
NodeID:82	0.691182608011687,0.694283898362112,2,23,24,32,52,53
NodeID:11	0.662432456001205,0.664701843889398,6,28,40,49,51,67,89
NodeID:77	0.642404388221460,0.644801328475631,0,5,32,37,40,41,44,69,79,83,85,86,87
NodeID:44	0.639726895447346,0.642302166853889,17,37,38
NodeID:16	0.636773656007079,0.638983538184021,45,52,67,80
NodeID:53	0.613355451812880,0.615359143265456,2,13,65,78,95
NodeID:81	0.597311861876881,0.599643741638539,5,21,26,78,93,96
NodeID:89	0.589581455248126,0.591817249872282,16,32,35,38,40,57,58
NodeID:42	0.583219022426443,0.586203015168611,36,45,70,89,99
NodeID:23	0.580996917770772,0.582256051116548,92,99
NodeID:17	0.562327012346151,0.564151382327689,18,39,41,53,63,72,79,99
NodeID:60	0.558463102267849,0.560130357866863,14,49,53,56,65
NodeID:56	0.551518380499175,0.553275674527306,29,36,80,96,98
NodeID:73	0.548078879188142,0.550074426006337,41,50,51,84,92
NodeID:47	0.520425035433220,0.522095595014727,5,14,52,70,73
NodeID:59	0.511311741153143,0.513109718442678,10,24,69,92
NodeID:35	0.504633507055639,0.506027726356197,12,18,62,64,65,66,83,91
NodeID:87	0.493200509279438,0.494735394954741,8,19,20,27,30,47,54,63
NodeID:5	0.488302662892616,0.489648672231191,2,9,24,50,61,81,98
NodeID:75	0.442391936476400,0.443828729431090,29,34,37,51,54,65,85,91
NodeID:74	0.439273163064932,0.440594364482158,35,54,84
NodeID:8	0.349337993676853,0.350217741418879,13,41,59,87
NodeID:14	0.333978411989870,0.334790505305703,36,39,44,62,98
NodeID:48	0.150000000000000,0.150000000000000,18,39,61,79,89
