NodeID:21	7.470793784714290,7.147574050419792
NodeID:31	2.179342922806653,2.188253387765800,29,36,46,49,54,62,70,85
NodeID:72	1.966863402419583,1.974253207183976,10,49,51,92,93,95
NodeID:63	1.757304212353499,1.764407570786543,3,64,65,72
NodeID:9	1.700694549457522,1.706243935896842,33,39,41,43,51,69,80
NodeID:78	1.663448960950164,1.669648339785448,13,19,34,82
NodeID:92	1.643214635878607,1.649431557599721,22,34,39,57
NodeID:71	1.540269833444061,1.546436667222628,15,16,45,84,97
NodeID:45	1.468473427329039,1.473963868619887,18,53,58,83,86,90
NodeID:95	1.414551338889389,1.419999113671665,76,88
NodeID:27	1.356560534437738,1.361603135513203,32,68,70,92
NodeID:86	1.355448264460452,1.360806865871882,11,60,71,95
NodeID:37	1.339617299419474,1.344803308106962,40,59,71,97
NodeID:83	1.294609144607985,1.299306022681310,1,4,10,18,27,29,70
NodeID:88	1.291843571257974,1.297187786635497,21,26,44,50,55,82
NodeID:1	1.250557387966179,1.255122924771404,37,72
NodeID:15	1.233798681041066,1.238374669803021,47,70,79,95,97
NodeID:70	1.227758646632059,1.232496366567590,20,63,99
NodeID:80	1.205068625163568,1.209511315188115,31,79
NodeID:99	1.201363677812555,1.205434657707518,1,83
NodeID:38	1.182704877730532,1.187249642568957,30,41,98
NodeID:39	1.173682153345742,1.178054230914857,31,43,68,71,92
NodeID:20	1.170834420000714,1.175425205615384,7,94
NodeID:49	1.164697235513710,1.168811138228604,2,29,31,39,84
NodeID:98	1.143255783026405,1.146991791422323,5,13,15,28,49,66,92,94
NodeID:97	1.090866510315244,1.094712652353453,37,50,62,89
NodeID:84	1.080491781202814,1.084364407424835,9,21
NodeID:94	1.074998276336094,1.078668616613241,4,17,20,90
NodeID:22	1.064819766041975,1.068693412047965,25,65,72,83,97
NodeID:18	1.058735064446459,1.062562977612657,52,61,62,87
NodeID:24	1.036040311027176,1.039282252332739,9,10,18,38,55,93,94
NodeID:62	1.035698587379249,1.039136313106692,11,22,33,91
NodeID:2	1.032931273619621,1.036556573356939,31,63
NodeID:66	1.028518168724770,1.031924562421699,8,19,72,81,83,98
NodeID:64	1.028178429909766,1.031632947983365,3,27,28,31,33,39,78
NodeID:7	1.017679221366371,1.020966847190094,12,21,38,57,93
NodeID:33	1.013969375406969,1.017611990001649,2,56,58,86
NodeID:12	1.013480981313511,1.016849604949590,24,28,50,55,67,85,98
NodeID:65	1.006445096409298,1.009653952754520,27,88
NodeID:79	1.001816611728490,1.005453852787420,0,26,43,74,90
NodeID:32	0.994644604784334,0.998182236913317,2,3,6,27,47,69,71,91
NodeID:34	0.985694270000180,0.989592371310833,0,7,77,78
NodeID:93	0.973362299655451,0.977159802066908,15,43,66,75
NodeID:41	0.962732504397831,0.965951105983822,44,45,49,66
NodeID:51	0.941870367573489,0.945353702986150,38,45,61,71
NodeID:43	0.936029595813221,0.939602012790478,4,21,24,56,67,68,80,86,90
NodeID:90	0.933638593806802,0.937025441005969,1,26,52,93,96
NodeID:13	0.922514998494444,0.925860430319676,25,32,33,35,76
NodeID:76	0.910895896464802,0.914514453519894,9
NodeID:68	0.907961971273981,0.911588748050724,1,6,19,28,40,81,85
NodeID:10	0.906693002805731,0.910076523282581,4,6,38,67,78,80
NodeID:19	0.898467012129643,0.901765629179824,27,33,37,45,92
NodeID:69	0.896539524485667,0.899631913162259,12,22,42,46,55,72,88
NodeID:28	0.892769783907107,0.895796344859274,21,25,72
NodeID:30	0.883840730714529,0.886819465690786,80,84,95
NodeID:58	0.880904205271408,0.883992926971493,16,38,71,73,78
NodeID:29	0.879734958067187,0.882809358779796,18,23,31,36,86
NodeID:52	0.856793151773845,0.859555018722448,27,31,64,91
NodeID:26	0.849061042001168,0.851889175826725,15,23,28,64
NodeID:50	0.842336607527009,0.845232450000103,0,20,46,68
NodeID:46	0.832338715328676,0.835052887815779,78
NodeID:57	0.831603223515080,0.834711185407542,86,94,96,98
NodeID:25	0.827265070977688,0.829894783109721,63
NodeID:96	0.825535296868115,0.828297162260430,12,13,24,31,60,74
NodeID:36	0.782261201978315,0.784806104049074,12,20,30,34,61,75,77,99
NodeID:91	0.760150224061012,0.762555134824274,12,24,66,81,95
NodeID:3	0.756263186576447,0.758649493977092,30,42,45,86
NodeID:4	0.754657652774955,0.757571196360901,24,42,46,86
NodeID:0	0.752830793347685,0.755235481790962,1,15,66,96
NodeID:61	0.744861837962278,0.747117275402391,6,9,18,20,99
NodeID:40	0.740497246875842,0.742753553300146,7,71,72,73
NodeID:67	0.706894921150297,0.709073730708506,2,26,30,31,32,45
NodeID:85	0.705676943838879,0.707762750069241,32,54,57,64,69,90,99
NodeID:6	0.703125453161784,0.705299398078215,15,22,58,80
NodeID:55	0.692682441898777,0.694910204457374,10,19,22,25,51,58,62
NodeID:54	0.692311968998004,0.694221775332184,12,69,77
NodeID:82	0.688568541977770,0.691182608011687,2,23,24,32,52,53
NodeID:11	0.659987925532946,0.662432456001205,6,28,40,49,51,67,89
NodeID:77	0.640370197136218,0.642404388221460,0,5,32,37,40,41,44,69,79,83,85,86,87
NodeID:44	0.637812573678452,0.639726895447346,17,37,38
NodeID:16	0.634765064864560,0.636773656007079,45,52,67,80
NodeID:53	0.611415056636786,0.613355451812880,2,13,65,78,95
NodeID:81	0.595810500115844,0.597311861876881,5,21,26,78,93,96
NodeID:89	0.587711899237750,0.589581455248126,16,32,35,38,40,57,58
NodeID:42	0.581437914723670,0.583219022426443,36,45,70,89,99
NodeID:23	0.579021576990733,0.580996917770772,92,99
NodeID:17	0.560473034740395,0.562327012346151,18,39,41,53,63,72,79,99
NodeID:60	0.556513556984669,0.558463102267849,14,49,53,56,65
NodeID:56	0.549921465357763,0.551518380499175,29,36,80,96,98
NodeID:73	0.546586183685083,0.548078879188142,41,50,51,84,92
NodeID:47	0.518983110649494,0.520425035433220,5,14,52,70,73
NodeID:59	0.510005026629060,0.511311741153143,10,24,69,92
NodeID:35	0.503449036540968,0.504633507055639,12,18,62,64,65,66,83,91
NodeID:87	0.492032320244270,0.493200509279438,8,19,20,27,30,47,54,63
NodeID:5	0.486962678140077,0.488302662892616,2,9,24,50,61,81,98
NodeID:75	0.441032106494432,0.442391936476400,29,34,37,51,54,65,85,91
NodeID:74	0.438269252960756,0.439273163064932,35,54,84
NodeID:8	0.348591867120681,0.349337993676853,13,41,59,87
NodeID:14	0.333410983409182,0.333978411989870,36,39,44,62,98
NodeID:48	0.150000000000000,0.150000000000000,18,39,61,79,89
