NodeID:21	6.761001711028864,6.298841072382729
NodeID:31	2.196591545031807,2.209201546986836,29,36,46,49,54,62,70,85
NodeID:72	1.983635944494359,1.998923040139635,10,49,51,92,93,95
NodeID:63	1.771329375293297,1.782053011005817,3,64,65,72
NodeID:9	1.714744958567845,1.722998672427619,33,39,41,43,51,69,80
NodeID:78	1.677955900145288,1.686675266255421,13,19,34,82
NodeID:92	1.657025336220004,1.667143886953972,22,34,39,57
NodeID:71	1.552785786082012,1.560668777962669,15,16,45,84,97
NodeID:45	1.481190501189856,1.489717193749069,18,53,58,83,86,90
NodeID:95	1.427245975528572,1.432321746898614,76,88
NodeID:27	1.368253900069446,1.376976764026861,32,68,70,92
NodeID:86	1.367705505639862,1.374358169598572,11,60,71,95
NodeID:37	1.350072805184150,1.356896122609553,40,59,71,97
NodeID:83	1.306003972650238,1.310429545646718,1,4,10,18,27,29,70
NodeID:88	1.303178676923388,1.311991089055307,21,26,44,50,55,82
NodeID:1	1.260858472604029,1.266154068966743,37,72
NodeID:15	1.243280004312230,1.250473964298713,47,70,79,95,97
NodeID:70	1.238514410894572,1.243906421368545,20,63,99
NodeID:80	1.215282543106249,1.218794159901695,31,79
NodeID:99	1.210074856575262,1.218085336787108,1,83
NodeID:38	1.191871699742860,1.197923582492362,30,41,98
NodeID:39	1.184091888037891,1.188660583257127,31,43,68,71,92
NodeID:20	1.179687534424578,1.187482647814598,7,94
NodeID:49	1.174244960408904,1.182571722068640,2,29,31,39,84
NodeID:98	1.152346304120329,1.155673769017066,5,13,15,28,49,66,92,94
NodeID:97	1.099826575717813,1.106322485689849,37,50,62,89
NodeID:84	1.089047897133064,1.093445722372241,9,21
NodeID:94	1.083959521902190,1.089668548988748,4,17,20,90
NodeID:22	1.073476452263534,1.079952255757930,25,65,72,83,97
NodeID:18	1.066443069957919,1.071472520367684,52,61,62,87
NodeID:62	1.043741346130517,1.047768154586827,11,22,33,91
NodeID:24	1.043437206693405,1.048602069827373,9,10,18,38,55,93,94
NodeID:2	1.040729785895810,1.045203093052304,31,63
NodeID:66	1.036040173855846,1.040999429210392,8,19,72,81,83,98
NodeID:64	1.035507551985264,1.043786159838709,3,27,28,31,33,39,78
NodeID:7	1.026196251423909,1.031014416473455,12,21,38,57,93
NodeID:33	1.021983032129195,1.027074026878748,2,56,58,86
NodeID:12	1.020619206659680,1.025855369993367,24,28,50,55,67,85,98
NodeID:65	1.014001043366445,1.022063865628713,27,88
NodeID:79	1.008514592620906,1.014794809735247,0,26,43,74,90
NodeID:32	1.002369872811291,1.004914812265467,2,3,6,27,47,69,71,91
NodeID:34	0.993946193874679,0.999078872165349,0,7,77,78
NodeID:93	0.981834731271738,0.987604409469927,15,43,66,75
NodeID:41	0.969578557424446,0.974150539528817,44,45,49,66
NodeID:51	0.949594014984693,0.954074078290504,38,45,61,71
NodeID:43	0.943674621187273,0.947619054233675,4,21,24,56,67,68,80,86,90
NodeID:90	0.941404280814612,0.945509055546011,1,26,52,93,96
NodeID:13	0.929028905413241,0.933374182576213,25,32,33,35,76
NodeID:76	0.917410353469868,0.923454934331693,9
NodeID:68	0.915152632540115,0.919394966804763,1,6,19,28,40,81,85
NodeID:10	0.914250183129699,0.919493607328333,4,6,38,67,78,80
NodeID:19	0.905428274143279,0.909952697701165,27,33,37,45,92
NodeID:69	0.903064264983295,0.906415930817551,12,22,42,46,55,72,88
NodeID:28	0.899056031968290,0.904667405708770,21,25,72
NodeID:30	0.890899264107146,0.895361590169244,80,84,95
NodeID:58	0.887862053966824,0.891747903685695,16,38,71,73,78
NodeID:29	0.887014642583344,0.890214281453340,18,23,31,36,86
NodeID:52	0.862757888743247,0.864944600151988,27,31,64,91
NodeID:26	0.855753143201433,0.857868924966694,15,23,28,64
NodeID:50	0.849008696400804,0.851649016040598,0,20,46,68
NodeID:46	0.838445483891400,0.843248446721044,78
NodeID:57	0.838407201344996,0.843100269584668,86,94,96,98
NodeID:25	0.833739147381691,0.837372678824467,63
NodeID:96	0.831710698725021,0.833500565838823,12,13,24,31,60,74
NodeID:36	0.788254645469695,0.790238046293930,12,20,30,34,61,75,77,99
NodeID:91	0.764449931379975,0.769271814684940,12,24,66,81,95
NodeID:3	0.762203925908070,0.769226407309128,30,42,45,86
NodeID:4	0.760437103839365,0.765541703605400,24,42,46,86
NodeID:0	0.758072985887215,0.760805929144909,1,15,66,96
NodeID:61	0.749643241239833,0.753010496678144,6,9,18,20,99
NodeID:40	0.745346253464842,0.749232309494442,7,71,72,73
NodeID:67	0.711786762680572,0.715209572811657,2,26,30,31,32,45
NodeID:85	0.710511657223110,0.714773889224631,32,54,57,64,69,90,99
NodeID:6	0.707700510728057,0.712195908656180,15,22,58,80
NodeID:55	0.697828599288914,0.701245351449194,10,19,22,25,51,58,62
NodeID:54	0.696842703324478,0.700709208429758,12,69,77
NodeID:82	0.694283898362112,0.696158659158060,2,23,24,32,52,53
NodeID:11	0.664701843889398,0.667175070638027,6,28,40,49,51,67,89
NodeID:77	0.644801328475631,0.646607642176455,0,5,32,37,40,41,44,69,79,83,85,86,87
NodeID:44	0.642302166853889,0.644459349414988,17,37,38
NodeID:16	0.638983538184021,0.642096684216627,45,52,67,80
NodeID:53	0.615359143265456,0.617479612709336,2,13,65,78,95
NodeID:81	0.599643741638539,0.602221592982120,5,21,26,78,93,96
NodeID:89	0.591817249872282,0.593539901325399,16,32,35,38,40,57,58
NodeID:42	0.586203015168611,0.589468270252105,36,45,70,89,99
NodeID:23	0.582256051116548,0.584678211884394,92,99
NodeID:17	0.564151382327689,0.566289964644179,18,39,41,53,63,72,79,99
NodeID:60	0.560130357866863,0.561912286432370,14,49,53,56,65
NodeID:56	0.553275674527306,0.557819802233515,29,36,80,96,98
NodeID:73	0.550074426006337,0.551351854305967,41,50,51,84,92
NodeID:47	0.522095595014727,0.525090685954122,5,14,52,70,73
NodeID:59	0.513109718442678,0.515126394544287,10,24,69,92
NodeID:35	0.506027726356197,0.507571207490044,12,18,62,64,65,66,83,91
NodeID:87	0.494735394954741,0.496403033230494,8,19,20,27,30,47,54,63
NodeID:5	0.489648672231191,0.492073619110196,2,9,24,50,61,81,98
NodeID:75	0.443828729431090,0.445146648460740,29,34,37,51,54,65,85,91
NodeID:74	0.440594364482158,0.442169692992148,35,54,84
NodeID:8	0.350217741418879,0.351855493591284,13,41,59,87
NodeID:14	0.334790505305703,0.336185770192472,36,39,44,62,98
NodeID:48	0.150000000000000,0.150000000000000,18,39,61,79,89
