NodeID:21	8.156439153408275,7.967308124695355
NodeID:31	2.161302729210258,2.166334542760353,29,36,46,49,54,62,70,85
NodeID:72	1.950479725274616,1.955019635444853,10,49,51,92,93,95
NodeID:63	1.743355707471214,1.747211888324057,3,64,65,72
NodeID:9	1.686604625981171,1.690432368284032,33,39,41,43,51,69,80
NodeID:78	1.650240818656294,1.653865280815654,13,19,34,82
NodeID:92	1.630124770139544,1.633752592704557,22,34,39,57
NodeID:71	1.527501828818524,1.531009431681107,15,16,45,84,97
NodeID:45	1.456829210921421,1.460029795897941,18,53,58,83,86,90
NodeID:95	1.403014020285199,1.406186764467088,76,88
NodeID:27	1.346091230564785,1.349000242943981,32,68,70,92
NodeID:86	1.344552418553310,1.347565460150368,11,60,71,95
NodeID:37	1.329000042068260,1.331947094408620,40,59,71,97
NodeID:83	1.284561220535523,1.287352650873849,1,4,10,18,27,29,70
NodeID:88	1.281336546281393,1.284265740216885,21,26,44,50,55,82
NodeID:1	1.240740318921567,1.243457122426110,37,72
NodeID:15	1.224069415690169,1.226742407269465,47,70,79,95,97
NodeID:70	1.217910639671758,1.220641973198611,20,63,99
NodeID:80	1.195961475849263,1.198499847605495,31,79
NodeID:99	1.192383854084740,1.194818179836525,1,83
NodeID:38	1.173861929783338,1.176317171688389,30,41,98
NodeID:39	1.164730730266977,1.167242944697190,31,43,68,71,92
NodeID:20	1.161839480368364,1.164294238195844,7,94
NodeID:49	1.155348005464537,1.157899393562146,2,29,31,39,84
NodeID:98	1.134915260771235,1.137198352332260,5,13,15,28,49,66,92,94
NodeID:97	1.081882509033151,1.084344922237786,37,50,62,89
NodeID:84	1.072409897609265,1.074658373026115,9,21
NodeID:94	1.066578194561207,1.068880918416978,4,17,20,90
NodeID:22	1.056738100841441,1.058976110880718,25,65,72,83,97
NodeID:18	1.051132338987230,1.053239227844633,52,61,62,87
NodeID:24	1.028668362467146,1.030678921785118,9,10,18,38,55,93,94
NodeID:62	1.027881705010136,1.030032598972300,11,22,33,91
NodeID:2	1.025239809026898,1.027366758068083,31,63
NodeID:66	1.021080356733791,1.023144482021122,8,19,72,81,83,98
NodeID:64	1.020396477934992,1.022537401213542,3,27,28,31,33,39,78
NodeID:7	1.009621302200603,1.011810010431536,12,21,38,57,93
NodeID:12	1.006513150284759,1.008492533156565,24,28,50,55,67,85,98
NodeID:33	1.006250704049871,1.008413643725184,2,56,58,86
NodeID:65	0.998811923353642,1.000878126706042,27,88
NodeID:79	0.994364672314781,0.996437084672839,0,26,43,74,90
NodeID:32	0.987297792888553,0.989319665338456,2,3,6,27,47,69,71,91
NodeID:34	0.977973443800415,0.980111976637036,0,7,77,78
NodeID:93	0.965986695447883,0.968056001785362,15,43,66,75
NodeID:41	0.955864517046257,0.957769918311417,44,45,49,66
NodeID:51	0.934817814504912,0.936786791579431,38,45,61,71
NodeID:43	0.928804292949641,0.930818738220963,4,21,24,56,67,68,80,86,90
NodeID:90	0.926518521499175,0.928470653027396,1,26,52,93,96
NodeID:13	0.915900714728645,0.917748703720152,25,32,33,35,76
NodeID:76	0.903646654530938,0.905638758995288,9
NodeID:68	0.901067453612436,0.902986479017810,1,6,19,28,40,81,85
NodeID:10	0.900020465745721,0.901874207699885,4,6,38,67,78,80
NodeID:19	0.891799223409944,0.893643845275537,27,33,37,45,92
NodeID:69	0.890414624903655,0.892162085564346,12,22,42,46,55,72,88
NodeID:28	0.886290302204238,0.888061529656503,21,25,72
NodeID:30	0.877525792062763,0.879249840124453,80,84,95
NodeID:58	0.874517080187363,0.876289687008107,16,38,71,73,78
NodeID:29	0.873040240014163,0.874884374416734,18,23,31,36,86
NodeID:52	0.850691381586415,0.852366324155168,27,31,64,91
NodeID:26	0.842841529217843,0.844546523275501,15,23,28,64
NodeID:50	0.836241642924997,0.837943260134400,0,20,46,68
NodeID:46	0.826085666305764,0.827783285939778,78
NodeID:57	0.825460783035222,0.827162114441241,86,94,96,98
NodeID:25	0.821350811158015,0.822970297338314,63
NodeID:96	0.819813607795191,0.821408556606812,12,13,24,31,60,74
NodeID:36	0.776829976282320,0.778320564377215,12,20,30,34,61,75,77,99
NodeID:91	0.755064233993651,0.756476653610705,12,24,66,81,95
NodeID:3	0.750562996572718,0.752117329702815,30,42,45,86
NodeID:4	0.749134759851246,0.750662168593426,24,42,46,86
NodeID:0	0.747404412083829,0.748860376421374,1,15,66,96
NodeID:61	0.739979734440339,0.741325634573677,6,9,18,20,99
NodeID:40	0.735125751450603,0.736576263209408,7,71,72,73
NodeID:67	0.702052687569725,0.703380485036281,2,26,30,31,32,45
NodeID:85	0.700612666520126,0.701966661632773,32,54,57,64,69,90,99
NodeID:6	0.698277862690884,0.699574686136961,15,22,58,80
NodeID:55	0.687885290735029,0.689213076367457,10,19,22,25,51,58,62
NodeID:54	0.687795167112919,0.689034758961737,12,69,77
NodeID:82	0.683384018704052,0.684835536913410,2,23,24,32,52,53
NodeID:11	0.655239587563567,0.656545807212363,6,28,40,49,51,67,89
NodeID:77	0.636196870039608,0.637357421625540,0,5,32,37,40,41,44,69,79,83,85,86,87
NodeID:44	0.633637830049000,0.634787858036425,17,37,38
NodeID:16	0.630282696576757,0.631497831330282,45,52,67,80
NodeID:53	0.607275573370597,0.608395391747072,2,13,65,78,95
NodeID:81	0.592097502914240,0.593110578103084,5,21,26,78,93,96
NodeID:89	0.584027777976726,0.585050499761340,16,32,35,38,40,57,58
NodeID:42	0.577674610920765,0.578712132670477,36,45,70,89,99
NodeID:23	0.575214847576288,0.576260818191868,92,99
NodeID:17	0.556993754940595,0.557954427963488,18,39,41,53,63,72,79,99
NodeID:60	0.552723872467918,0.553747019124719,14,49,53,56,65
NodeID:56	0.546335551152562,0.547322464162497,29,36,80,96,98
NodeID:73	0.543318080491066,0.544224985138314,41,50,51,84,92
NodeID:47	0.515730289188672,0.516625751574641,5,14,52,70,73
NodeID:59	0.506872346398882,0.507736136738219,10,24,69,92
NodeID:35	0.500715487841154,0.501469766348813,12,18,62,64,65,66,83,91
NodeID:87	0.489320294629550,0.490059910688488,8,19,20,27,30,47,54,63
NodeID:5	0.484351071143111,0.485080608745323,2,9,24,50,61,81,98
NodeID:75	0.438408460344468,0.439134924350979,29,34,37,51,54,65,85,91
NodeID:74	0.435760516580348,0.436434218149895,35,54,84
NodeID:8	0.347014333796978,0.347452182762587,13,41,59,87
NodeID:14	0.331963371018891,0.332357094126957,36,39,44,62,98
NodeID:48	0.150000000000000,0.150000000000000,18,39,61,79,89
