NodeID:21	2.256111111111111,1.000000000000000
NodeID:31	2.127261904761905,1.000000000000000,29,36,46,49,54,62,70,85
NodeID:78	1.957261904761905,1.000000000000000,13,19,34,82
NodeID:63	1.920833333333333,1.000000000000000,3,64,65,72
NodeID:9	1.837857142857143,1.000000000000000,33,39,41,43,51,69,80
NodeID:72	1.822678571428571,1.000000000000000,10,49,51,92,93,95
NodeID:92	1.757916666666667,1.000000000000000,22,34,39,57
NodeID:45	1.651666666666667,1.000000000000000,18,53,58,83,86,90
NodeID:99	1.532261904761904,1.000000000000000,1,83
NodeID:86	1.471495726495727,1.000000000000000,11,60,71,95
NodeID:71	1.446250000000000,1.000000000000000,15,16,45,84,97
NodeID:27	1.412857142857143,1.000000000000000,32,68,70,92
NodeID:37	1.412467948717949,1.000000000000000,40,59,71,97
NodeID:80	1.385873015873015,1.000000000000000,31,79
NodeID:98	1.370357142857143,1.000000000000000,5,13,15,28,49,66,92,94
NodeID:38	1.370357142857143,1.000000000000000,30,41,98
NodeID:24	1.365634920634921,1.000000000000000,9,10,18,38,55,93,94
NodeID:95	1.297500000000000,1.000000000000000,76,88
NodeID:15	1.276250000000000,1.000000000000000,47,70,79,95,97
NodeID:18	1.257023809523810,1.000000000000000,52,61,62,87
NodeID:12	1.248928571428571,1.000000000000000,24,28,50,55,67,85,98
NodeID:20	1.240833333333333,1.000000000000000,7,94
NodeID:84	1.226666666666666,1.000000000000000,9,21
NodeID:39	1.221607142857143,1.000000000000000,31,43,68,71,92
NodeID:2	1.213511904761905,1.000000000000000,31,63
NodeID:1	1.200357142857143,1.000000000000000,37,72
NodeID:83	1.199967948717949,1.000000000000000,1,4,10,18,27,29,70
NodeID:66	1.170000000000000,1.000000000000000,8,19,72,81,83,98
NodeID:32	1.124075091575092,1.000000000000000,2,3,6,27,47,69,71,91
NodeID:88	1.121428571428571,1.000000000000000,21,26,44,50,55,82
NodeID:41	1.108896520146520,1.000000000000000,44,45,49,66
NodeID:70	1.100178571428571,1.000000000000000,20,63,99
NodeID:79	1.086634615384615,1.000000000000000,0,26,43,74,90
NodeID:65	1.085000000000000,1.000000000000000,27,88
NodeID:62	1.078928571428571,1.000000000000000,11,22,33,91
NodeID:69	1.060325091575092,1.000000000000000,12,22,42,46,55,72,88
NodeID:52	1.056666666666667,1.000000000000000,27,31,64,91
NodeID:96	1.056666666666667,1.000000000000000,12,13,24,31,60,74
NodeID:22	1.030357142857143,1.000000000000000,25,65,72,83,97
NodeID:64	1.015178571428572,1.000000000000000,3,27,28,31,33,39,78
NodeID:94	1.015178571428572,1.000000000000000,4,17,20,90
NodeID:49	1.008095238095239,1.000000000000000,2,29,31,39,84
NodeID:7	1.000000000000000,1.000000000000000,12,21,38,57,93
NodeID:30	1.000000000000000,1.000000000000000,80,84,95
NodeID:13	0.992916666666667,1.000000000000000,25,32,33,35,76
NodeID:61	0.972678571428571,1.000000000000000,6,9,18,20,99
NodeID:58	0.959523809523810,1.000000000000000,16,38,71,73,78
NodeID:28	0.954464285714286,1.000000000000000,21,25,72
NodeID:33	0.945357142857143,1.000000000000000,2,56,58,86
NodeID:36	0.936250000000000,1.000000000000000,12,20,30,34,61,75,77,99
NodeID:51	0.932202380952382,1.000000000000000,38,45,61,71
NodeID:50	0.917023809523810,1.000000000000000,0,20,46,68
NodeID:26	0.915000000000001,1.000000000000000,15,23,28,64
NodeID:93	0.894761904761905,1.000000000000000,15,43,66,75
NodeID:25	0.894761904761905,1.000000000000000,63
NodeID:91	0.893750000000000,1.000000000000000,12,24,66,81,95
NodeID:90	0.890039682539683,1.000000000000000,1,26,52,93,96
NodeID:54	0.873511904761905,1.000000000000000,12,69,77
NodeID:97	0.872500000000000,1.000000000000000,37,50,62,89
NodeID:10	0.868452380952382,1.000000000000000,4,6,38,67,78,80
NodeID:19	0.853273809523810,1.000000000000000,27,33,37,45,92
NodeID:67	0.841468253968254,1.000000000000000,2,26,30,31,32,45
NodeID:68	0.839444444444444,1.000000000000000,1,6,19,28,40,81,85
NodeID:43	0.823928571428571,1.000000000000000,4,21,24,56,67,68,80,86,90
NodeID:29	0.823928571428572,1.000000000000000,18,23,31,36,86
NodeID:89	0.823928571428572,1.000000000000000,16,32,35,38,40,57,58
NodeID:6	0.810773809523810,1.000000000000000,15,22,58,80
NodeID:0	0.810384615384615,1.000000000000000,1,15,66,96
NodeID:46	0.802678571428571,1.000000000000000,78
NodeID:40	0.792170329670330,1.000000000000000,7,71,72,73
NodeID:34	0.787500000000000,1.000000000000000,0,7,77,78
NodeID:57	0.775357142857143,1.000000000000000,86,94,96,98
NodeID:77	0.752083333333333,1.000000000000000,0,5,32,37,40,41,44,69,79,83,85,86,87
NodeID:76	0.745000000000000,1.000000000000000,9
NodeID:44	0.739551282051282,1.000000000000000,17,37,38
NodeID:35	0.724761904761905,1.000000000000000,12,18,62,64,65,66,83,91
NodeID:4	0.720039682539683,1.000000000000000,24,42,46,86
NodeID:53	0.709583333333334,1.000000000000000,2,13,65,78,95
NodeID:81	0.704523809523810,1.000000000000000,5,21,26,78,93,96
NodeID:73	0.702500000000000,1.000000000000000,41,50,51,84,92
NodeID:42	0.696428571428572,1.000000000000000,36,45,70,89,99
NodeID:23	0.674166666666667,1.000000000000000,92,99
NodeID:85	0.670741758241758,1.000000000000000,32,54,57,64,69,90,99
NodeID:55	0.655952380952382,1.000000000000000,10,19,22,25,51,58,62
NodeID:17	0.645833333333333,1.000000000000000,18,39,41,53,63,72,79,99
NodeID:87	0.640384615384615,1.000000000000000,8,19,20,27,30,47,54,63
NodeID:5	0.633301282051282,1.000000000000000,2,9,24,50,61,81,98
NodeID:56	0.626944444444444,1.000000000000000,29,36,80,96,98
NodeID:16	0.611428571428572,1.000000000000000,45,52,67,80
NodeID:3	0.590178571428572,1.000000000000000,30,42,45,86
NodeID:59	0.575000000000000,1.000000000000000,10,24,69,92
NodeID:11	0.575000000000000,1.000000000000000,6,28,40,49,51,67,89
NodeID:47	0.532500000000000,1.000000000000000,5,14,52,70,73
NodeID:82	0.504166666666667,1.000000000000000,2,23,24,32,52,53
NodeID:60	0.504166666666667,1.000000000000000,14,49,53,56,65
NodeID:14	0.490000000000000,1.000000000000000,36,39,44,62,98
NodeID:75	0.468750000000000,1.000000000000000,29,34,37,51,54,65,85,91
NodeID:74	0.461666666666667,1.000000000000000,35,54,84
NodeID:8	0.397916666666667,1.000000000000000,13,41,59,87
NodeID:48	0.150000000000000,1.000000000000000,18,39,61,79,89
