NodeID:21	7.741161085695733,7.470793784714290
NodeID:31	2.172242459515882,2.179342922806653,29,36,46,49,54,62,70,85
NodeID:72	1.960363013170733,1.966863402419583,10,49,51,92,93,95
NodeID:63	1.751864745465578,1.757304212353499,3,64,65,72
NodeID:9	1.695033108715889,1.700694549457522,33,39,41,43,51,69,80
NodeID:78	1.658347115760310,1.663448960950164,13,19,34,82
NodeID:92	1.638024270261033,1.643214635878607,22,34,39,57
NodeID:71	1.535165220618217,1.540269833444061,15,16,45,84,97
NodeID:45	1.463894770138632,1.468473427329039,18,53,58,83,86,90
NodeID:95	1.410005152072010,1.414551338889389,76,88
NodeID:27	1.352559302977949,1.356560534437738,32,68,70,92
NodeID:86	1.351116688246470,1.355448264460452,11,60,71,95
NodeID:37	1.335478998290439,1.339617299419474,40,59,71,97
NodeID:83	1.290701218581094,1.294609144607985,1,4,10,18,27,29,70
NodeID:88	1.287788998689488,1.291843571257974,21,26,44,50,55,82
NodeID:1	1.246729731675255,1.250557387966179,37,72
NodeID:15	1.229972461117339,1.233798681041066,47,70,79,95,97
NodeID:70	1.223844188194758,1.227758646632059,20,63,99
NodeID:80	1.201573804695135,1.205068625163568,31,79
NodeID:99	1.197774933888553,1.201363677812555,1,83
NodeID:38	1.179238284823951,1.182704877730532,30,41,98
NodeID:39	1.170274914776861,1.173682153345742,31,43,68,71,92
NodeID:20	1.167318811889729,1.170834420000714,7,94
NodeID:49	1.160994447333709,1.164697235513710,2,29,31,39,84
NodeID:98	1.139885387290170,1.143255783026405,5,13,15,28,49,66,92,94
NodeID:97	1.087279683816245,1.090866510315244,37,50,62,89
NodeID:84	1.077361881657283,1.080491781202814,9,21
NodeID:94	1.071596135354256,1.074998276336094,4,17,20,90
NodeID:22	1.061660171800141,1.064819766041975,25,65,72,83,97
NodeID:18	1.055764344835489,1.058735064446459,52,61,62,87
NodeID:24	1.033063926536871,1.036040311027176,9,10,18,38,55,93,94
NodeID:62	1.032628286870530,1.035698587379249,11,22,33,91
NodeID:2	1.029910410819958,1.032931273619621,31,63
NodeID:66	1.025584614617111,1.028518168724770,8,19,72,81,83,98
NodeID:64	1.025101964615222,1.028178429909766,3,27,28,31,33,39,78
NodeID:7	1.014420325836458,1.017679221366371,12,21,38,57,93
NodeID:33	1.011016039118784,1.013969375406969,2,56,58,86
NodeID:12	1.010809123858624,1.013480981313511,24,28,50,55,67,85,98
NodeID:65	1.003345491115413,1.006445096409298,27,88
NodeID:79	0.998820560456186,1.001816611728490,0,26,43,74,90
NodeID:32	0.991712039148522,0.994644604784334,2,3,6,27,47,69,71,91
NodeID:34	0.982640928351343,0.985694270000180,0,7,77,78
NodeID:93	0.970574393015734,0.973362299655451,15,43,66,75
NodeID:41	0.960028666908266,0.962732504397831,44,45,49,66
NodeID:51	0.939184034458918,0.941870367573489,38,45,61,71
NodeID:43	0.933187188316387,0.936029595813221,4,21,24,56,67,68,80,86,90
NodeID:90	0.930871831594117,0.933638593806802,1,26,52,93,96
NodeID:13	0.919920996262847,0.922514998494444,25,32,33,35,76
NodeID:76	0.908011868772047,0.910895896464802,9
NodeID:68	0.905194403896422,0.907961971273981,1,6,19,28,40,81,85
NodeID:10	0.904133923440094,0.906693002805731,4,6,38,67,78,80
NodeID:19	0.895832043253898,0.898467012129643,27,33,37,45,92
NodeID:69	0.894284727100720,0.896539524485667,12,22,42,46,55,72,88
NodeID:28	0.890206100061186,0.892769783907107,21,25,72
NodeID:30	0.881342776403588,0.883840730714529,80,84,95
NodeID:58	0.878392842318576,0.880904205271408,16,38,71,73,78
NodeID:29	0.877102564999503,0.879734958067187,18,23,31,36,86
NodeID:52	0.854361677349679,0.856793151773845,27,31,64,91
NodeID:26	0.846588492215248,0.849061042001168,15,23,28,64
NodeID:50	0.839936687339841,0.842336607527009,0,20,46,68
NodeID:46	0.829781979549920,0.832338715328676,78
NodeID:57	0.829242937272935,0.831603223515080,86,94,96,98
NodeID:25	0.824909788118295,0.827265070977688,63
NodeID:96	0.823303926157724,0.825535296868115,12,13,24,31,60,74
NodeID:36	0.780121090213033,0.782261201978315,12,20,30,34,61,75,77,99
NodeID:91	0.758186605275879,0.760150224061012,12,24,66,81,95
NodeID:3	0.753958372301069,0.756263186576447,30,42,45,86
NodeID:4	0.752490643267148,0.754657652774955,24,42,46,86
NodeID:0	0.750635744511893,0.752830793347685,1,15,66,96
NodeID:61	0.742875089360015,0.744861837962278,6,9,18,20,99
NodeID:40	0.738297967547013,0.740497246875842,7,71,72,73
NodeID:67	0.704945485529833,0.706894921150297,2,26,30,31,32,45
NodeID:85	0.703603278720958,0.705676943838879,32,54,57,64,69,90,99
NodeID:6	0.701149593150243,0.703125453161784,15,22,58,80
NodeID:55	0.690747128923794,0.692682441898777,10,19,22,25,51,58,62
NodeID:54	0.690558912408511,0.692311968998004,12,69,77
NodeID:82	0.686494076796790,0.688568541977770,2,23,24,32,52,53
NodeID:11	0.658118706015936,0.659987925532946,6,28,40,49,51,67,89
NodeID:77	0.638730342968002,0.640370197136218,0,5,32,37,40,41,44,69,79,83,85,86,87
NodeID:44	0.636142056002501,0.637812573678452,17,37,38
NodeID:16	0.632964602917642,0.634765064864560,45,52,67,80
NodeID:53	0.609738510280359,0.611415056636786,2,13,65,78,95
NodeID:81	0.594315986088564,0.595810500115844,5,21,26,78,93,96
NodeID:89	0.586294969902585,0.587711899237750,16,32,35,38,40,57,58
NodeID:42	0.579936192049719,0.581437914723670,36,45,70,89,99
NodeID:23	0.577527624410187,0.579021576990733,92,99
NodeID:17	0.559150696263648,0.560473034740395,18,39,41,53,63,72,79,99
NodeID:60	0.554983589920829,0.556513556984669,14,49,53,56,65
NodeID:56	0.548478592121512,0.549921465357763,29,36,80,96,98
NodeID:73	0.545336508667670,0.546586183685083,41,50,51,84,92
NodeID:47	0.517705199061271,0.518983110649494,5,14,52,70,73
NodeID:59	0.508744447889782,0.510005026629060,10,24,69,92
NodeID:35	0.502368854418949,0.503449036540968,12,18,62,64,65,66,83,91
NodeID:87	0.490927332001539,0.492032320244270,8,19,20,27,30,47,54,63
NodeID:5	0.485974902316903,0.486962678140077,2,9,24,50,61,81,98
NodeID:75	0.439954741386979,0.441032106494432,29,34,37,51,54,65,85,91
NodeID:74	0.437259657716827,0.438269252960756,35,54,84
NodeID:8	0.347985174595297,0.348591867120681,13,41,59,87
NodeID:14	0.332834433497808,0.333410983409182,36,39,44,62,98
NodeID:48	0.150000000000000,0.150000000000000,18,39,61,79,89
