NodeID:21	6.298841072382729,5.747893470110244
NodeID:31	2.209201546986836,2.228042110235106,29,36,46,49,54,62,70,85
NodeID:72	1.998923040139635,2.009889799026011,10,49,51,92,93,95
NodeID:63	1.782053011005817,1.805332886128499,3,64,65,72
NodeID:9	1.722998672427619,1.728188197405079,33,39,41,43,51,69,80
NodeID:78	1.686675266255421,1.694781721193463,13,19,34,82
NodeID:92	1.667143886953972,1.678160298925006,22,34,39,57
NodeID:71	1.560668777962669,1.575106539575478,15,16,45,84,97
NodeID:45	1.489717193749069,1.489891911414128,18,53,58,83,86,90
NodeID:95	1.432321746898614,1.444776056322247,76,88
NodeID:27	1.376976764026861,1.378665978596491,32,68,70,92
NodeID:86	1.374358169598572,1.378402536985112,11,60,71,95
NodeID:37	1.356896122609553,1.364221268022960,40,59,71,97
NodeID:88	1.311991089055307,1.313065012266694,21,26,44,50,55,82
NodeID:83	1.310429545646718,1.320880355707957,1,4,10,18,27,29,70
NodeID:1	1.266154068966743,1.275730284855385,37,72
NodeID:15	1.250473964298713,1.258640682091886,47,70,79,95,97
NodeID:70	1.243906421368545,1.253535399853499,20,63,99
NodeID:80	1.218794159901695,1.228436215080952,31,79
NodeID:99	1.218085336787108,1.222538323261531,1,83
NodeID:38	1.197923582492362,1.204723632994155,30,41,98
NodeID:39	1.188660583257127,1.199974418076461,31,43,68,71,92
NodeID:20	1.187482647814598,1.194855246960155,7,94
NodeID:49	1.182571722068640,1.183318206253575,2,29,31,39,84
NodeID:98	1.155673769017066,1.164702165881698,5,13,15,28,49,66,92,94
NodeID:97	1.106322485689849,1.110249546976630,37,50,62,89
NodeID:84	1.093445722372241,1.095310475032319,9,21
NodeID:94	1.089668548988748,1.098975338503111,4,17,20,90
NodeID:22	1.079952255757930,1.086402579714810,25,65,72,83,97
NodeID:18	1.071472520367684,1.075966291792223,52,61,62,87
NodeID:24	1.048602069827373,1.059290834749607,9,10,18,38,55,93,94
NodeID:62	1.047768154586827,1.055362501311482,11,22,33,91
NodeID:2	1.045203093052304,1.050197319319590,31,63
NodeID:64	1.043786159838709,1.052675173275003,3,27,28,31,33,39,78
NodeID:66	1.040999429210392,1.048249765627031,8,19,72,81,83,98
NodeID:7	1.031014416473455,1.040607734449593,12,21,38,57,93
NodeID:33	1.027074026878748,1.038012386594368,2,56,58,86
NodeID:12	1.025855369993367,1.030863956284525,24,28,50,55,67,85,98
NodeID:65	1.022063865628713,1.027148158619920,27,88
NodeID:79	1.014794809735247,1.018634974524203,0,26,43,74,90
NodeID:32	1.004914812265467,1.014290132119656,2,3,6,27,47,69,71,91
NodeID:34	0.999078872165349,1.003643262414693,0,7,77,78
NodeID:93	0.987604409469927,0.991077804804446,15,43,66,75
NodeID:41	0.974150539528817,0.983103566482598,44,45,49,66
NodeID:51	0.954074078290504,0.961359123739358,38,45,61,71
NodeID:43	0.947619054233675,0.959292277439059,4,21,24,56,67,68,80,86,90
NodeID:90	0.945509055546011,0.947580982881948,1,26,52,93,96
NodeID:13	0.933374182576213,0.937794767027876,25,32,33,35,76
NodeID:76	0.923454934331693,0.929146257878970,9
NodeID:10	0.919493607328333,0.924825905994567,4,6,38,67,78,80
NodeID:68	0.919394966804763,0.926892057228099,1,6,19,28,40,81,85
NodeID:19	0.909952697701165,0.915930108915262,27,33,37,45,92
NodeID:69	0.906415930817551,0.917603628157891,12,22,42,46,55,72,88
NodeID:28	0.904667405708770,0.910073717292842,21,25,72
NodeID:30	0.895361590169244,0.897612108766015,80,84,95
NodeID:58	0.891747903685695,0.893421674946245,16,38,71,73,78
NodeID:29	0.890214281453340,0.894468268610803,18,23,31,36,86
NodeID:52	0.864944600151988,0.872430357687114,27,31,64,91
NodeID:26	0.857868924966694,0.863807244280034,15,23,28,64
NodeID:50	0.851649016040598,0.855684560364386,0,20,46,68
NodeID:46	0.843248446721044,0.848441690130212,78
NodeID:57	0.843100269584668,0.844599017010487,86,94,96,98
NodeID:25	0.837372678824467,0.842926661538112,63
NodeID:96	0.833500565838823,0.840012334044941,12,13,24,31,60,74
NodeID:36	0.790238046293930,0.795695199433366,12,20,30,34,61,75,77,99
NodeID:91	0.769271814684940,0.771365491388453,12,24,66,81,95
NodeID:3	0.769226407309128,0.775445961510462,30,42,45,86
NodeID:4	0.765541703605400,0.768295085770566,24,42,46,86
NodeID:0	0.760805929144909,0.764906924664858,1,15,66,96
NodeID:61	0.753010496678144,0.759135280075566,6,9,18,20,99
NodeID:40	0.749232309494442,0.752596438834198,7,71,72,73
NodeID:67	0.715209572811657,0.715375780701255,2,26,30,31,32,45
NodeID:85	0.714773889224631,0.717631793189617,32,54,57,64,69,90,99
NodeID:6	0.712195908656180,0.716472720113969,15,22,58,80
NodeID:55	0.701245351449194,0.703334552764709,10,19,22,25,51,58,62
NodeID:54	0.700709208429758,0.701614708141895,12,69,77
NodeID:82	0.696158659158060,0.699244001019177,2,23,24,32,52,53
NodeID:11	0.667175070638027,0.673699787589226,6,28,40,49,51,67,89
NodeID:77	0.646607642176455,0.650471382068362,0,5,32,37,40,41,44,69,79,83,85,86,87
NodeID:44	0.644459349414988,0.645027194866827,17,37,38
NodeID:16	0.642096684216627,0.642870602034453,45,52,67,80
NodeID:53	0.617479612709336,0.619131407560179,2,13,65,78,95
NodeID:81	0.602221592982120,0.608821881438976,5,21,26,78,93,96
NodeID:89	0.593539901325399,0.596621428512397,16,32,35,38,40,57,58
NodeID:42	0.589468270252105,0.590032175377484,36,45,70,89,99
NodeID:23	0.584678211884394,0.590976956317049,92,99
NodeID:17	0.566289964644179,0.571385235152782,18,39,41,53,63,72,79,99
NodeID:60	0.561912286432370,0.568484375762556,14,49,53,56,65
NodeID:56	0.557819802233515,0.553776585915842,29,36,80,96,98
NodeID:73	0.551351854305967,0.555828678922897,41,50,51,84,92
NodeID:47	0.525090685954122,0.526726037134339,5,14,52,70,73
NodeID:59	0.515126394544287,0.519216572902142,10,24,69,92
NodeID:35	0.507571207490044,0.508813436796660,12,18,62,64,65,66,83,91
NodeID:87	0.496403033230494,0.502150056101539,8,19,20,27,30,47,54,63
NodeID:5	0.492073619110196,0.494416019488490,2,9,24,50,61,81,98
NodeID:75	0.445146648460740,0.449751321885922,29,34,37,51,54,65,85,91
NodeID:74	0.442169692992148,0.443644268284842,35,54,84
NodeID:8	0.351855493591284,0.354020588656037,13,41,59,87
NodeID:14	0.336185770192472,0.335302805869106,36,39,44,62,98
NodeID:48	0.150000000000000,0.150000000000000,18,39,61,79,89
