NodeID:21	5.089844931463316,4.281307441902508
NodeID:31	2.235455495154850,2.216338077399383,29,36,46,49,54,62,70,85
NodeID:72	2.025583596941132,2.094304370284811,10,49,51,92,93,95
NodeID:63	1.831192331882096,1.778329302464443,3,64,65,72
NodeID:9	1.776885329325999,1.695554595681564,33,39,41,43,51,69,80
NodeID:78	1.701680059568441,1.729081057739355,13,19,34,82
NodeID:92	1.693753071811299,1.703076095287153,22,34,39,57
NodeID:71	1.568506309464283,1.544032218703213,15,16,45,84,97
NodeID:45	1.500377514462200,1.528646473925399,18,53,58,83,86,90
NodeID:95	1.453916496102874,1.448412406249243,76,88
NodeID:27	1.404063045689270,1.442269414085699,32,68,70,92
NodeID:86	1.403987898809653,1.364423901327687,11,60,71,95
NodeID:37	1.377409139388821,1.413261932822107,40,59,71,97
NodeID:83	1.325300117328852,1.356119697594004,1,4,10,18,27,29,70
NodeID:88	1.324496388429768,1.358675112970841,21,26,44,50,55,82
NodeID:1	1.275024366461002,1.309049556322770,37,72
NodeID:70	1.264280454434799,1.296784233089496,20,63,99
NodeID:15	1.260601407874164,1.270717956620843,47,70,79,95,97
NodeID:80	1.235134609142160,1.230596279846804,31,79
NodeID:99	1.234222336844391,1.210632467841647,1,83
NodeID:38	1.213009347493645,1.206557846230515,30,41,98
NodeID:20	1.211511030003300,1.212685108493317,7,94
NodeID:39	1.206091854025511,1.205682583494427,31,43,68,71,92
NodeID:49	1.195690870203545,1.248840411851706,2,29,31,39,84
NodeID:98	1.171886167318595,1.208031656496004,5,13,15,28,49,66,92,94
NodeID:97	1.118038693681001,1.110070113933995,37,50,62,89
NodeID:84	1.113630212700910,1.128156709577653,9,21
NodeID:94	1.104630064661620,1.119051344718119,4,17,20,90
NodeID:22	1.097657605346882,1.113017665595370,25,65,72,83,97
NodeID:18	1.095837115600213,1.102803948937554,52,61,62,87
NodeID:2	1.069873130296954,1.051310091588719,31,63
NodeID:66	1.060499714124438,1.089879254991661,8,19,72,81,83,98
NodeID:62	1.060481689845531,1.089843725621961,11,22,33,91
NodeID:24	1.055252100012381,1.079673740040105,9,10,18,38,55,93,94
NodeID:64	1.051457007545912,1.061635701884597,3,27,28,31,33,39,78
NodeID:12	1.039366396446422,1.053009747130394,24,28,50,55,67,85,98
NodeID:7	1.033533590835665,1.057427988666220,12,21,38,57,93
NodeID:33	1.031983381085119,1.071026630530910,2,56,58,86
NodeID:32	1.022500410735585,1.037438805778717,2,3,6,27,47,69,71,91
NodeID:65	1.020704632310591,1.053936580544177,27,88
NodeID:79	1.020631300113749,1.034160864582651,0,26,43,74,90
NodeID:93	1.011692678131490,0.998130761843115,15,43,66,75
NodeID:34	1.010562817565576,0.999229765425702,0,7,77,78
NodeID:41	0.978413098317713,1.003886512854614,44,45,49,66
NodeID:51	0.964625754450343,0.967390254568194,38,45,61,71
NodeID:90	0.962202081067202,0.968643318775780,1,26,52,93,96
NodeID:43	0.948764945397526,0.963504804749992,4,21,24,56,67,68,80,86,90
NodeID:13	0.948422041383814,0.937903035580285,25,32,33,35,76
NodeID:10	0.939009309827143,0.961632481737544,4,6,38,67,78,80
NodeID:68	0.937104310059384,0.931836154510709,1,6,19,28,40,81,85
NodeID:19	0.929333594056704,0.918508202068402,27,33,37,45,92
NodeID:76	0.925018788704577,0.966139374961844,9
NodeID:69	0.917008504513881,0.914101745056424,12,22,42,46,55,72,88
NodeID:28	0.912641829328345,0.947870819929640,21,25,72
NodeID:58	0.908408613806511,0.892221374886028,16,38,71,73,78
NodeID:29	0.906269633523644,0.919648887959397,18,23,31,36,86
NodeID:30	0.904853115274233,0.928359103306788,80,84,95
NodeID:26	0.876897503895764,0.871314983105849,15,23,28,64
NodeID:52	0.874587194225401,0.896471025642389,27,31,64,91
NodeID:50	0.865352784274632,0.868980444084490,0,20,46,68
NodeID:25	0.855891638974500,0.881082185177658,63
NodeID:57	0.853799955165195,0.846034306763513,86,94,96,98
NodeID:46	0.850795689983581,0.854904873787695,78
NodeID:96	0.848025510109447,0.833967854257062,12,13,24,31,60,74
NodeID:36	0.797803555604514,0.786041631559702,12,20,30,34,61,75,77,99
NodeID:91	0.786899364006486,0.775515175706869,12,24,66,81,95
NodeID:4	0.779699032567905,0.798368733408828,24,42,46,86
NodeID:3	0.767035756545099,0.796797457230240,30,42,45,86
NodeID:0	0.766545413193725,0.790649377993906,1,15,66,96
NodeID:61	0.761596112940908,0.779024104901175,6,9,18,20,99
NodeID:40	0.757510343367085,0.733205150931967,7,71,72,73
NodeID:67	0.722691330157134,0.737489092988043,2,26,30,31,32,45
NodeID:6	0.721248895157172,0.727022840313209,15,22,58,80
NodeID:85	0.717958818953803,0.749744444718044,32,54,57,64,69,90,99
NodeID:55	0.712445752536520,0.730237700661194,10,19,22,25,51,58,62
NodeID:82	0.709908699107149,0.679200699881715,2,23,24,32,52,53
NodeID:54	0.709271137244816,0.734959457763050,12,69,77
NodeID:11	0.671531870726800,0.652269247544370,6,28,40,49,51,67,89
NodeID:44	0.658769457925369,0.662014900591967,17,37,38
NodeID:77	0.654091761539044,0.669016655316307,0,5,32,37,40,41,44,69,79,83,85,86,87
NodeID:16	0.635256240894969,0.651260205629686,45,52,67,80
NodeID:53	0.617769241438001,0.625815212829946,2,13,65,78,95
NodeID:81	0.612051595384432,0.631511977981096,5,21,26,78,93,96
NodeID:42	0.599970884553368,0.592114441113556,36,45,70,89,99
NodeID:89	0.591253477116380,0.585472835168923,16,32,35,38,40,57,58
NodeID:23	0.587714844013000,0.580674900176791,92,99
NodeID:17	0.575369299253658,0.586940535148756,18,39,41,53,63,72,79,99
NodeID:56	0.561219294947755,0.565274506035052,29,36,80,96,98
NodeID:60	0.558085525051884,0.544873293857474,14,49,53,56,65
NodeID:73	0.548442826341737,0.567385412288233,41,50,51,84,92
NodeID:47	0.531930980060502,0.535053517870997,5,14,52,70,73
NodeID:59	0.528423081635357,0.507621423444178,10,24,69,92
NodeID:35	0.509887912180763,0.535219831102099,12,18,62,64,65,66,83,91
NodeID:87	0.506194156753648,0.524056981844420,8,19,20,27,30,47,54,63
NodeID:5	0.502520055115184,0.516047587528254,2,9,24,50,61,81,98
NodeID:75	0.445619710244881,0.449058815945650,29,34,37,51,54,65,85,91
NodeID:74	0.443952792998801,0.456533880519943,35,54,84
NodeID:8	0.360080615444788,0.367552568991338,13,41,59,87
NodeID:14	0.333587557993840,0.348360017132173,36,39,44,62,98
NodeID:48	0.150000000000000,0.150000000000000,18,39,61,79,89
