NodeID:21	4.281307441902508,3.365951388888889
NodeID:31	2.216338077399383,2.390571650604687,29,36,46,49,54,62,70,85
NodeID:72	2.094304370284811,2.045380878793825,10,49,51,92,93,95
NodeID:63	1.778329302464443,1.874668097527473,3,64,65,72
NodeID:78	1.729081057739355,1.629478727324264,13,19,34,82
NodeID:92	1.703076095287153,1.734908482142858,22,34,39,57
NodeID:9	1.695554595681564,1.712666657945229,33,39,41,43,51,69,80
NodeID:71	1.544032218703213,1.619496722374846,15,16,45,84,97
NodeID:45	1.528646473925399,1.467594941748067,18,53,58,83,86,90
NodeID:95	1.448412406249243,1.493768139499390,76,88
NodeID:27	1.442269414085699,1.437179135596546,32,68,70,92
NodeID:37	1.413261932822107,1.299133480235042,40,59,71,97
NodeID:86	1.364423901327687,1.295117288614164,11,60,71,95
NodeID:88	1.358675112970841,1.291316261119833,21,26,44,50,55,82
NodeID:83	1.356119697594004,1.502288766788767,1,4,10,18,27,29,70
NodeID:1	1.309049556322770,1.372367719780220,37,72
NodeID:70	1.296784233089496,1.247844471153846,20,63,99
NodeID:15	1.270717956620843,1.270533516483516,47,70,79,95,97
NodeID:49	1.248840411851706,1.171005093864469,2,29,31,39,84
NodeID:80	1.230596279846804,1.266146492346938,31,79
NodeID:20	1.212685108493317,1.205183052884615,7,94
NodeID:99	1.210632467841647,1.281529877191261,1,83
NodeID:98	1.208031656496004,1.287218287763824,5,13,15,28,49,66,92,94
NodeID:38	1.206557846230515,1.279657904347637,30,41,98
NodeID:39	1.205682583494427,1.218793324829933,31,43,68,71,92
NodeID:84	1.128156709577653,1.100802579365080,9,21
NodeID:94	1.119051344718119,1.153545103458051,4,17,20,90
NodeID:22	1.113017665595370,1.133524169283098,25,65,72,83,97
NodeID:97	1.110070113933995,1.088135153388278,37,50,62,89
NodeID:18	1.102803948937554,1.172072560723007,52,61,62,87
NodeID:66	1.089879254991661,1.122528044871795,8,19,72,81,83,98
NodeID:62	1.089843725621961,1.068502699829931,11,22,33,91
NodeID:24	1.079673740040105,1.104623446493983,9,10,18,38,55,93,94
NodeID:33	1.071026630530910,1.039564753401360,2,56,58,86
NodeID:64	1.061635701884597,1.135609415881737,3,27,28,31,33,39,78
NodeID:7	1.057427988666220,1.013034111721612,12,21,38,57,93
NodeID:65	1.053936580544177,1.066485937500000,27,88
NodeID:12	1.053009747130394,1.174363260127769,24,28,50,55,67,85,98
NodeID:2	1.051310091588719,1.029859212199838,31,63
NodeID:32	1.037438805778717,1.040329952322809,2,3,6,27,47,69,71,91
NodeID:79	1.034160864582651,1.099253002899878,0,26,43,74,90
NodeID:41	1.003886512854614,1.083212987310309,44,45,49,66
NodeID:34	0.999229765425702,1.088756696428572,0,7,77,78
NodeID:93	0.998130761843115,0.995154180839003,15,43,66,75
NodeID:90	0.968643318775780,0.943702131846328,1,26,52,93,96
NodeID:51	0.967390254568194,0.950083641581632,38,45,61,71
NodeID:76	0.966139374961844,0.870233333333333,9
NodeID:43	0.963504804749992,0.955706371009942,4,21,24,56,67,68,80,86,90
NodeID:10	0.961632481737544,0.921589149441828,4,6,38,67,78,80
NodeID:28	0.947870819929640,0.936719210600908,21,25,72
NodeID:13	0.937903035580285,1.066399503968254,25,32,33,35,76
NodeID:68	0.931836154510709,0.930588392857144,1,6,19,28,40,81,85
NodeID:30	0.928359103306788,0.950406234101547,80,84,95
NodeID:29	0.919648887959397,0.849493404685593,18,23,31,36,86
NodeID:19	0.918508202068402,0.981292920373277,27,33,37,45,92
NodeID:69	0.914101745056424,0.992905778497296,12,22,42,46,55,72,88
NodeID:52	0.896471025642389,0.860301488095239,27,31,64,91
NodeID:58	0.892221374886028,0.936863768424036,16,38,71,73,78
NodeID:25	0.881082185177658,0.844039455782313,63
NodeID:26	0.871314983105849,0.863919220594221,15,23,28,64
NodeID:50	0.868980444084490,0.842256779827316,0,20,46,68
NodeID:46	0.854904873787695,0.852651330564278,78
NodeID:57	0.846034306763513,0.875052974555207,86,94,96,98
NodeID:96	0.833967854257062,0.844664964896216,12,13,24,31,60,74
NodeID:4	0.798368733408828,0.712282070360196,24,42,46,86
NodeID:3	0.796797457230240,0.800881745486656,30,42,45,86
NodeID:0	0.790649377993906,0.746113873626374,1,15,66,96
NodeID:36	0.786041631559702,0.824362847222222,12,20,30,34,61,75,77,99
NodeID:61	0.779024104901175,0.817087997939560,6,9,18,20,99
NodeID:91	0.775515175706869,0.850057606456044,12,24,66,81,95
NodeID:85	0.749744444718044,0.728589096295570,32,54,57,64,69,90,99
NodeID:67	0.737489092988043,0.702251842403629,2,26,30,31,32,45
NodeID:54	0.734959457763050,0.706119899321908,12,69,77
NodeID:40	0.733205150931967,0.771126556231467,7,71,72,73
NodeID:55	0.730237700661194,0.755105518489447,10,19,22,25,51,58,62
NodeID:6	0.727022840313209,0.729573057844933,15,22,58,80
NodeID:82	0.679200699881715,0.724787202380952,2,23,24,32,52,53
NodeID:77	0.669016655316307,0.664315352182540,0,5,32,37,40,41,44,69,79,83,85,86,87
NodeID:44	0.662014900591967,0.676984237637363,17,37,38
NodeID:11	0.652269247544370,0.691965163308914,6,28,40,49,51,67,89
NodeID:16	0.651260205629686,0.659030017006803,45,52,67,80
NodeID:81	0.631511977981096,0.646520909645910,5,21,26,78,93,96
NodeID:53	0.625815212829946,0.609737847222223,2,13,65,78,95
NodeID:42	0.592114441113556,0.557175140088087,36,45,70,89,99
NodeID:17	0.586940535148756,0.575264976343101,18,39,41,53,63,72,79,99
NodeID:89	0.585472835168923,0.549120535714285,16,32,35,38,40,57,58
NodeID:23	0.580674900176791,0.555928968253968,92,99
NodeID:73	0.567385412288233,0.571980242673993,41,50,51,84,92
NodeID:56	0.565274506035052,0.514412202380952,29,36,80,96,98
NodeID:60	0.544873293857474,0.612387286324787,14,49,53,56,65
NodeID:35	0.535219831102099,0.549649858276644,12,18,62,64,65,66,83,91
NodeID:47	0.535053517870997,0.554436343864468,5,14,52,70,73
NodeID:87	0.524056981844420,0.550849530677656,8,19,20,27,30,47,54,63
NodeID:5	0.516047587528254,0.535107665598291,2,9,24,50,61,81,98
NodeID:59	0.507621423444178,0.534706730769231,10,24,69,92
NodeID:74	0.456533880519943,0.484422329059829,35,54,84
NodeID:75	0.449058815945650,0.439613467261905,29,34,37,51,54,65,85,91
NodeID:8	0.367552568991338,0.383790865384615,13,41,59,87
NodeID:14	0.348360017132173,0.326233333333333,36,39,44,62,98
NodeID:48	0.150000000000000,0.150000000000000,18,39,61,79,89
