NodeID:21	5.747893470110244,5.089844931463316
NodeID:31	2.228042110235106,2.235455495154850,29,36,46,49,54,62,70,85
NodeID:72	2.009889799026011,2.025583596941132,10,49,51,92,93,95
NodeID:63	1.805332886128499,1.831192331882096,3,64,65,72
NodeID:9	1.728188197405079,1.776885329325999,33,39,41,43,51,69,80
NodeID:78	1.694781721193463,1.701680059568441,13,19,34,82
NodeID:92	1.678160298925006,1.693753071811299,22,34,39,57
NodeID:71	1.575106539575478,1.568506309464283,15,16,45,84,97
NodeID:45	1.489891911414128,1.500377514462200,18,53,58,83,86,90
NodeID:95	1.444776056322247,1.453916496102874,76,88
NodeID:27	1.378665978596491,1.404063045689270,32,68,70,92
NodeID:86	1.378402536985112,1.403987898809653,11,60,71,95
NodeID:37	1.364221268022960,1.377409139388821,40,59,71,97
NodeID:83	1.320880355707957,1.325300117328852,1,4,10,18,27,29,70
NodeID:88	1.313065012266694,1.324496388429768,21,26,44,50,55,82
NodeID:1	1.275730284855385,1.275024366461002,37,72
NodeID:15	1.258640682091886,1.260601407874164,47,70,79,95,97
NodeID:70	1.253535399853499,1.264280454434799,20,63,99
NodeID:80	1.228436215080952,1.235134609142160,31,79
NodeID:99	1.222538323261531,1.234222336844391,1,83
NodeID:38	1.204723632994155,1.213009347493645,30,41,98
NodeID:39	1.199974418076461,1.206091854025511,31,43,68,71,92
NodeID:20	1.194855246960155,1.211511030003300,7,94
NodeID:49	1.183318206253575,1.195690870203545,2,29,31,39,84
NodeID:98	1.164702165881698,1.171886167318595,5,13,15,28,49,66,92,94
NodeID:97	1.110249546976630,1.118038693681001,37,50,62,89
NodeID:94	1.098975338503111,1.104630064661620,4,17,20,90
NodeID:84	1.095310475032319,1.113630212700910,9,21
NodeID:22	1.086402579714810,1.097657605346882,25,65,72,83,97
NodeID:18	1.075966291792223,1.095837115600213,52,61,62,87
NodeID:24	1.059290834749607,1.055252100012381,9,10,18,38,55,93,94
NodeID:62	1.055362501311482,1.060481689845531,11,22,33,91
NodeID:64	1.052675173275003,1.051457007545912,3,27,28,31,33,39,78
NodeID:2	1.050197319319590,1.069873130296954,31,63
NodeID:66	1.048249765627031,1.060499714124438,8,19,72,81,83,98
NodeID:7	1.040607734449593,1.033533590835665,12,21,38,57,93
NodeID:33	1.038012386594368,1.031983381085119,2,56,58,86
NodeID:12	1.030863956284525,1.039366396446422,24,28,50,55,67,85,98
NodeID:65	1.027148158619920,1.020704632310591,27,88
NodeID:79	1.018634974524203,1.020631300113749,0,26,43,74,90
NodeID:32	1.014290132119656,1.022500410735585,2,3,6,27,47,69,71,91
NodeID:34	1.003643262414693,1.010562817565576,0,7,77,78
NodeID:93	0.991077804804446,1.011692678131490,15,43,66,75
NodeID:41	0.983103566482598,0.978413098317713,44,45,49,66
NodeID:51	0.961359123739358,0.964625754450343,38,45,61,71
NodeID:43	0.959292277439059,0.948764945397526,4,21,24,56,67,68,80,86,90
NodeID:90	0.947580982881948,0.962202081067202,1,26,52,93,96
NodeID:13	0.937794767027876,0.948422041383814,25,32,33,35,76
NodeID:76	0.929146257878970,0.925018788704577,9
NodeID:68	0.926892057228099,0.937104310059384,1,6,19,28,40,81,85
NodeID:10	0.924825905994567,0.939009309827143,4,6,38,67,78,80
NodeID:69	0.917603628157891,0.917008504513881,12,22,42,46,55,72,88
NodeID:19	0.915930108915262,0.929333594056704,27,33,37,45,92
NodeID:28	0.910073717292842,0.912641829328345,21,25,72
NodeID:30	0.897612108766015,0.904853115274233,80,84,95
NodeID:29	0.894468268610803,0.906269633523644,18,23,31,36,86
NodeID:58	0.893421674946245,0.908408613806511,16,38,71,73,78
NodeID:52	0.872430357687114,0.874587194225401,27,31,64,91
NodeID:26	0.863807244280034,0.876897503895764,15,23,28,64
NodeID:50	0.855684560364386,0.865352784274632,0,20,46,68
NodeID:46	0.848441690130212,0.850795689983581,78
NodeID:57	0.844599017010487,0.853799955165195,86,94,96,98
NodeID:25	0.842926661538112,0.855891638974500,63
NodeID:96	0.840012334044941,0.848025510109447,12,13,24,31,60,74
NodeID:36	0.795695199433366,0.797803555604514,12,20,30,34,61,75,77,99
NodeID:3	0.775445961510462,0.767035756545099,30,42,45,86
NodeID:91	0.771365491388453,0.786899364006486,12,24,66,81,95
NodeID:4	0.768295085770566,0.779699032567905,24,42,46,86
NodeID:0	0.764906924664858,0.766545413193725,1,15,66,96
NodeID:61	0.759135280075566,0.761596112940908,6,9,18,20,99
NodeID:40	0.752596438834198,0.757510343367085,7,71,72,73
NodeID:85	0.717631793189617,0.717958818953803,32,54,57,64,69,90,99
NodeID:6	0.716472720113969,0.721248895157172,15,22,58,80
NodeID:67	0.715375780701255,0.722691330157134,2,26,30,31,32,45
NodeID:55	0.703334552764709,0.712445752536520,10,19,22,25,51,58,62
NodeID:54	0.701614708141895,0.709271137244816,12,69,77
NodeID:82	0.699244001019177,0.709908699107149,2,23,24,32,52,53
NodeID:11	0.673699787589226,0.671531870726800,6,28,40,49,51,67,89
NodeID:77	0.650471382068362,0.654091761539044,0,5,32,37,40,41,44,69,79,83,85,86,87
NodeID:44	0.645027194866827,0.658769457925369,17,37,38
NodeID:16	0.642870602034453,0.635256240894969,45,52,67,80
NodeID:53	0.619131407560179,0.617769241438001,2,13,65,78,95
NodeID:81	0.608821881438976,0.612051595384432,5,21,26,78,93,96
NodeID:89	0.596621428512397,0.591253477116380,16,32,35,38,40,57,58
NodeID:23	0.590976956317049,0.587714844013000,92,99
NodeID:42	0.590032175377484,0.599970884553368,36,45,70,89,99
NodeID:17	0.571385235152782,0.575369299253658,18,39,41,53,63,72,79,99
NodeID:60	0.568484375762556,0.558085525051884,14,49,53,56,65
NodeID:73	0.555828678922897,0.548442826341737,41,50,51,84,92
NodeID:56	0.553776585915842,0.561219294947755,29,36,80,96,98
NodeID:47	0.526726037134339,0.531930980060502,5,14,52,70,73
NodeID:59	0.519216572902142,0.528423081635357,10,24,69,92
NodeID:35	0.508813436796660,0.509887912180763,12,18,62,64,65,66,83,91
NodeID:87	0.502150056101539,0.506194156753648,8,19,20,27,30,47,54,63
NodeID:5	0.494416019488490,0.502520055115184,2,9,24,50,61,81,98
NodeID:75	0.449751321885922,0.445619710244881,29,34,37,51,54,65,85,91
NodeID:74	0.443644268284842,0.443952792998801,35,54,84
NodeID:8	0.354020588656037,0.360080615444788,13,41,59,87
NodeID:14	0.335302805869106,0.333587557993840,36,39,44,62,98
NodeID:48	0.150000000000000,0.150000000000000,18,39,61,79,89
